# VSOP87 -> DE406 黄道改正（Chapront 2000 混合项）。T = (JD−J2000)/365250 儒略千年。
# Δ = secular(a0..a3) + Σ (c0+c1*T)cos(f*T) + (s0+s1*T)sin(f*T)。L/B 角秒，R AU。
# 段：[L] 4 个长期项 + 若干行 (freq c0 s0 c1 s1)；[B] 4+若干；[R] 4+若干。

[L]
-0.0009999999999999998 0.10550754356415648 -0.08607449335406317 -0.03581457242504816
6283.0758499914 -0.0012959444747940015 -0.0008231824943854412 -0.021107589884345003 0.04999986335287127
12566.1516999828 0.009651575042220752 -0.008283912244677765 0.012283738395846374 -0.00321731051728258
5753.3848848968 -0.0005410473837008685 -0.00011536005511656113 0.0006340415510047192 -0.0023347020439919266
3.523118349 0.04792138810787309 0.02086841633169239 -0.00023786135507125107 -0.015216849630417658
77713.7714681205 -0.0012640477547302173 -0.0014661751556882881 0.002799494207332651 0.005824810338564725
7860.4193924392 -3.1118660932565814e-05 0.00039451904347415924 -5.992466597052368e-05 0.000571796862297959
3930.2096962196 0.0008100966385915426 -0.0007215843349959304 -0.00010567102674429552 3.130992887198677e-05
11506.7697697936 0.0014442708152223546 -0.0022133216499597747 0.0016601250073038911 0.00031608759129290434
529.6909650946 0.001419534948424008 0.0002712365639090159 -0.005660461849042505 -0.0003256479335480644
1577.3435424478 -0.0011924593359291522 0.0006499024195975404 0.00047266996949865415 -0.00047986923616667715
5884.9268465832 0.0012011944380126338 0.0009938617625398483 0.00018774668043281963 0.00042495263750291144
26.2983197998 -0.005304562062239569 -0.0013453210387828292 -0.02189536363790641 -0.010134453754074665
398.1490034082 -0.0006073466605454211 -0.0009863870960888947 -3.057935265326042e-05 0.00018527069207044397
5223.6939198022 -9.490486485203325e-05 0.00115167918297823 0.001959157215213367 -0.00027684202805023967
5507.5532386674 -0.0003625867893797421 -0.001178697100430881 -0.00022447620894352512 -0.0013157665344070283
18849.2275499742 -0.0076335149613682 -0.02210271128565238 0.0499999616155012 0.040307596357197634
775.522611324 0.0012495587339380377 -0.0012470915383231372 -0.0019257906494510567 0.0001943134913526245
11790.6290886588 0.00017913747360181415 -0.00039352332373882503 -3.477313298600954e-05 -0.0001969300630690881
796.2980068164 0.0009556623293213251 0.0005627375934930816 -0.0016980162513698432 0.0002470649664854993
10977.078804699 -0.0018472634575784806 -0.0010232228341835422 0.00019230061097151395 0.0008510614793827621
5486.777843175 0.00019483794044384235 -0.0011634467951331996 6.395556493627915e-05 -0.0001770036803206377
2544.3144198834 0.001271241511368561 -0.00032266770904154277 0.00032669169857755365 -2.1751225125985984e-05
5573.1428014331 0.0006879546277736887 0.0003712849938366178 -5.047318837852202e-07 0.00031515911530674735

[B]
-0.0009984147190523055 0.0019591183883775017 0.0019524074746755736 0.0005056491989195775
84334.66158130829 0.0019191662384073736 0.0022686953907439535 0.0010043628074798453 0.001818575805831555
5507.5532386674 -0.0015172142041365425 0.0014586581413594804 -0.0008343733613684531 0.000927765918098346
5223.6939198022 -0.0012452051764590935 -0.0018596687661304922 -0.0010727555615306545 -0.0011038491449116828
2352.8661537718 0.0009338175917143923 -0.0017660841902582942 -9.290346216883229e-05 -0.0006645408832498648
1577.3435424478 0.0022987931377817473 -0.0017967523206844742 0.0011676705007745113 -0.0008860575749635169
1047.7473117547 0.0008945222555592922 -0.0010433343592531042 0.0005475614557416909 -0.0007091368968130137
6283.0758499914 0.024975413372234793 0.0361424886447999 -0.017040998462271414 -0.007188284696565534
5856.4776591154 -0.002371652257814162 -0.0014780580974439457 -0.001530369057118137 -0.0006065634708806169
9437.762934887 0.0016206625283595637 0.0018258102482094473 0.0006172824433181645 0.0011469228121911098
10213.285546211 -0.0019529333012199828 0.001970367777785782 -0.0010057285269916968 0.001129543588222946
14143.4952424306 -0.002122936985903427 0.002235037889830652 -0.0012016729880517186 0.0013411964889762798
6812.766815086 0.00220286948075689 -0.0021726475561164387 0.001178663117515595 -0.000967543309278652
71092.88135493269 0.001357652935959342 0.0009200033407102518 0.0006684937260106159 0.0004905806091827783
4694.0029547076 -0.0024850579841394407 0.001472476093764116 -0.001609883762807553 0.0004545030560124965
6620.8901131878 0.0008049187251302093 -0.0021900732868924597 0.00030007061151147714 -0.001405017184990855
5753.3848848968 0.0016929789825677393 -0.0013334122282542328 0.0010385823302326595 -0.0004851461080620736
7084.8967811152 0.002061814416725065 -0.0016089297461965493 0.001074726606788467 -0.0008914588005796052
167621.5758508619 0.0023114994612307067 0.0012826582331021182 0.0012787254146442752 0.0006833684703671137
529.6909650946 0.0007036940950208257 0.0017063961446119205 0.0005215354927639838 0.0011466317826719214
6275.9623029906 -0.0030765036789030054 0.002609465395864706 -0.0010612995217075408 0.0007736878360980154
7860.4193924392 -0.001928398529252311 0.0013039326325507813 -0.0012471720096127036 0.0006036991261551986
4705.7323075436 0.0016465526062032637 -0.00242018343744795 0.0006549877946512389 -0.0014319999603818903
18073.7049386502 0.0020532404856168965 -0.0012113616150459443 0.0011836609390917555 -0.0006764359074408891
5884.9268465832 -0.0016838372407905243 0.0015085100376457372 -0.0006706540489453855 0.0006096446758386166
6309.3741697912 0.0013246429993123005 -0.0031513734150737625 0.0005440942074320118 -0.0017217468419882028

[R]
4.4588033041317024e-10 -1.6459413977618016e-10 -1.676122187297971e-09 -2.44665823155811e-10
6283.0758499914 -1.3684741556405329e-08 -4.264702543521064e-09 -1.3450564912450783e-07 -5.2710136272227605e-08
12566.1516999828 -1.877553077072673e-08 -4.2300581062469724e-08 -1.1813640238813343e-08 -4.1463158973839487e-08
77713.7714681205 -3.56194009283244e-09 1.8248876088076272e-09 2.993665342064786e-08 -1.5341568327590036e-08
5753.3848848968 1.302016285540779e-10 8.902359259009967e-10 5.15670782457256e-09 2.4774610152206363e-09
7860.4193924392 8.446685232908729e-10 7.807152404385773e-10 1.711383904886019e-09 6.889037687823946e-10
11506.7697697936 -1.0139382049230078e-09 5.471733015173535e-10 -6.267258768487084e-09 5.658609983772302e-09
3930.2096962196 1.9349898835305492e-10 1.0285440539876738e-09 -5.652539044357e-10 -7.879083623839671e-11
5884.9268465832 -9.498558700827876e-10 7.318804495887267e-10 -2.1513952972762144e-10 -1.8256397437002862e-10
5507.5532386674 1.0730861758361616e-09 -1.6396634385648304e-09 2.6884850694058687e-09 -4.604129959362924e-10
5223.6939198022 -5.505678995804116e-10 1.3210113063296383e-11 1.1182383019280533e-09 4.652643403824747e-09
5573.1428014331 -1.881060522571309e-10 -3.232104294422927e-11 -1.8516912809171054e-09 -3.7552520179550095e-09
11790.6290886588 -1.8913844875732693e-10 1.3869984805880304e-09 1.9249646797412808e-10 4.5421466503909403e-10
1577.3435424478 1.4764541137323157e-10 6.361530531697339e-10 6.414280640771476e-10 2.2208375064066776e-09
10977.078804699 2.146893743276704e-10 -3.695572555173746e-12 -4.559057895743926e-09 3.739288822886454e-09
18849.2275499742 7.988490408282773e-10 -2.8192129904648264e-10 4.138027265650119e-10 -1.5089024385489675e-10
5486.777843175 1.082246873646927e-11 1.9168856582787992e-10 -3.206186127942379e-10 -1.1452812043252526e-10
6069.7767545534 5.280941548988962e-10 7.324949990186658e-11 -4.4402932197899176e-10 3.276407583548643e-10
15720.8387848784 1.3842760598963877e-09 -8.900196049230322e-09 -3.5081534001391814e-09 -7.553995811590363e-09
161000.6857376741 4.839136424064274e-10 4.235829988185904e-10 -2.6373632700807282e-09 -4.243986522380034e-10
17260.1546546904 -8.095226048276137e-11 -4.377820210840948e-10 -9.95725895246053e-11 1.610720607416215e-09
529.6909650946 -2.7381081735445435e-10 1.3786897442573642e-10 -3.0300594974574114e-10 -1.4012345770267866e-09
83996.84731811189 -3.43504529900762e-10 -4.816984515996263e-10 -1.0709211886018826e-09 -9.09307739249069e-12
71430.69561812909 -2.518072540993592e-10 2.0500331589929939e-10 6.696992870469037e-10 3.599100135849324e-10
2544.3144198834 -1.7079803435279404e-10 -2.542277398493697e-10 9.324080007374794e-11 -1.7575131922098366e-11
