# VSOP87 -> DE406 ICRS 地心太阳改正（Chapront 2000 混合项）。T = (JD−J2000)/365250 儒略千年。
# Δ = secular(a0..a3) + Σ (c0+c1*T)cos(f*T) + (s0+s1*T)sin(f*T)。RA/Dec 角秒，R AU。
# 段：[RA] 4 个长期项 + 23 行 (freq c0 s0 c1 s1)；[Dec] 4+25；[R] 4+24。

[RA]
2.74309587572755e-23 0.0849763982910627 -0.1726547972212061 -0.06742795589101126
6283.0758499914 -0.004449783756634288 -0.0024039215739610747 -0.024998231055164483 0.049999999999753124
12566.1516999828 0.0033304532566057546 -0.00608402988581136 0.022325166783285003 -0.010488297878016119
5753.3848848968 0.00019257855256936835 -0.00023875002173710545 0.0011936224495807677 -0.002693064779626258
3.523118349 0.04999999999999992 0.00886937919103389 -0.00639660870787148 0.009489952584553455
77713.7714681205 -0.00045612300141667506 -0.0007423987085381695 0.0031059586087189227 0.006346660081711277
7860.4193924392 -0.0001400962809468877 4.6773686742996265e-05 -8.954066725388805e-05 0.0005074128949968182
3930.2096962196 0.0006357503563102143 0.00027734453677815004 -0.00020522748228417412 0.00033050556633443533
11506.7697697936 0.0004103163923610003 7.174884475063138e-05 0.0012758397616443808 0.0015186873483065977
529.6909650946 0.0006695604240350465 0.00038627423181310434 -0.006162394417860844 -0.00012310430301712335
1577.3435424478 9.695370958698018e-05 -0.00018505628306381142 0.0013243426708805248 -0.0006780372147256003
5884.9268465832 0.00032764295673769607 0.0004151764672621726 4.590964049595842e-06 9.242219070876545e-05
26.2983197998 -0.0003064042260907294 -0.0011212829540976491 -0.019983015809086586 -0.011339598344975482
398.1490034082 0.00041340813886445117 0.0001633693159928341 0.0004468193095222037 0.0012203178525399868
5223.6939198022 9.610801389700823e-05 0.0002140788212587368 0.002183967296093908 -0.0007919900191615765
5507.5532386674 -0.0005975880996645894 -0.00045181359867480045 -0.0003982383775444921 -0.0011078575932176498
18849.2275499742 0.03930954106476103 -0.049999999999999975 0.049999999999999996 0.04999999999999597
775.522611324 9.627771617318571e-06 8.498653213242126e-05 -0.0023199447553874583 0.00130585985974744
11790.6290886588 3.7867689645611216e-05 0.00010828425944010014 -0.00044817238071701736 -1.40291892689701e-05
796.2980068164 -0.00018093977892084668 -7.082187987512879e-05 -0.002210274273825802 0.00016704871569597323
10977.078804699 -0.00018885404135372312 -0.00019246715581711942 0.0008809879179567529 0.0011731706877071211
5486.777843175 0.0001300435751137716 0.00012677682535943156 4.1573438390415695e-05 0.0003612852163258156
2544.3144198834 -0.00012558709334257247 8.108678214495045e-05 -0.00019010293621761942 6.945371042461368e-05
5573.1428014331 0.00012434923827129275 0.0001898522303108503 -0.0004657447184689356 0.0002270130471748551

[Dec]
0.0001903783727719782 -0.0008329870332084839 0.0015159876700159092 -0.0010716627399642907
84334.66158130829 -1.6157908041830067e-05 -8.470519519564053e-05 -2.4953994836868663e-05 0.0004849939052274499
5507.5532386674 -5.581552104867323e-05 1.5817186281245957e-05 -4.398293012012115e-05 0.0005121593396005216
5223.6939198022 -2.301027324483991e-05 1.3464192554957373e-05 -0.0007042722204202167 0.00015909153489847242
2352.8661537718 -7.9194825435789e-05 -0.00017036039532648454 -0.00027236861092791307 0.00025003704375788115
1577.3435424478 -1.448986213720006e-05 -5.4913946525973954e-05 -0.00034540430897604104 -0.0001364888418961104
1047.7473117547 -0.00015167929526737215 -2.601209920372177e-05 -0.0004426447954174231 -1.1125836928850017e-05
6283.0758499914 0.0027903627889220477 0.05823321060420029 -0.025616899057258637 -0.03744801131067896
5856.4776591154 -3.50126188115543e-05 9.103615867592265e-05 -0.00022170134142690824 -1.998836658898845e-05
9437.762934887 4.277254545804547e-05 -0.00024341115337703 -0.0008248142597245163 -0.00016673366570090617
10213.285546211 5.9382920835672004e-05 -0.00023364949516779582 0.0003062685137657909 -0.00011510691054547729
14143.4952424306 -0.0001625366961472204 9.746541221401153e-05 -4.355688935957916e-05 1.0446780989036749e-05
6812.766815086 -0.0001081470194548478 -0.0004087982543907412 -5.504081999700218e-05 0.0009383416979010491
71092.88135493269 5.5482754082853034e-05 1.4750603993568323e-05 -5.8512681783668345e-05 3.2906935985275295e-05
4694.0029547076 -1.903228612935684e-05 1.285957488139476e-05 -0.0006979513841890475 -1.197194449080514e-05
6620.8901131878 4.046878763676659e-06 -5.0987065296329336e-05 -9.923881175913454e-05 -7.97497113968468e-05
5753.3848848968 -4.594348163144376e-06 -0.00018136759180965343 0.00035113825983016484 0.0015202190694866623
7084.8967811152 -2.9974361346280017e-05 -0.00010004045025313202 0.0002908192869127302 -0.0001933276717784348
167621.5758508619 2.307534742568883e-05 -3.6513016505072294e-05 0.00010015249099292276 -6.859862692026979e-05
529.6909650946 2.0751326971341046e-05 -1.3804817948252394e-05 0.0005390754633393003 -0.00016709975463734738
6275.9623029906 -0.00284652005060063 0.003327389173976076 -0.002850960569697719 0.007256433052801024
7860.4193924392 -6.880912218440209e-05 -5.287221326209155e-05 -0.0005509155403309409 -0.0003637968834411769
4705.7323075436 4.5456720929287323e-05 -0.00010482897811058814 0.0001730395617095911 -0.00032044749405101463
18073.7049386502 1.644978589509027e-05 5.6701379059154614e-05 7.629802092435995e-05 0.0002493760354632488
5884.9268465832 5.2643047126535697e-05 2.0364226866356166e-05 0.00012042082759935367 -0.00015029660565428466
6309.3741697912 0.0005212765034381571 0.0007792611662424257 -0.0008530108173641322 0.004047800061918121

[R]
4.4568265853497573e-10 -1.645943593222359e-10 -1.6761227914642447e-09 -2.446660862344429e-10
6283.0758499914 -1.368432057856594e-08 -4.264629888130179e-09 -1.3450527601391712e-07 -5.271008359859344e-08
12566.1516999828 -1.8775594156062262e-08 -4.2300443381643526e-08 -1.1813576186262156e-08 -4.146307803683276e-08
77713.7714681205 -3.56195432183694e-09 1.8248919526959012e-09 2.993663793315091e-08 -1.534156423051984e-08
5753.3848848968 1.3020060693786912e-10 8.902366932033028e-10 5.156707052389663e-09 2.4774618266872247e-09
7860.4193924392 8.446680089709701e-10 7.807154197305277e-10 1.7113833644786307e-09 6.889038606414542e-10
11506.7697697936 -1.013936838143053e-09 5.471728994523016e-10 -6.267257770973139e-09 5.658609873165883e-09
3930.2096962196 1.93499460420246e-10 1.028543610180859e-09 -5.652534455164549e-10 -7.879086022884668e-11
5884.9268465832 -9.498565308835816e-10 7.318816767130068e-10 -2.151404124196161e-10 -1.8256297975099374e-10
5507.5532386674 1.0730861424023379e-09 -1.6396628552413729e-09 2.6884848530263405e-09 -4.604128617941115e-10
5223.6939198022 -5.505674913984129e-10 1.3209669010882385e-11 1.1182385474285569e-09 4.652643142246404e-09
5573.1428014331 -1.8810644247544688e-10 -3.232122716850578e-11 -1.851691626167335e-09 -3.75525178300254e-09
11790.6290886588 -1.8913839882157672e-10 1.3869986660695396e-09 1.9249654321339844e-10 4.5421463170207696e-10
1577.3435424478 1.4764514215416457e-10 6.361526774306633e-10 6.414278569427852e-10 2.2208374829822453e-09
10977.078804699 2.1468946485283162e-10 -3.69606865856887e-12 -4.559057716618918e-09 3.7392886454778985e-09
18849.2275499742 7.988461072163254e-10 -2.8192367618375763e-10 4.1380256428974546e-10 -1.5089029900097923e-10
5486.777843175 1.0822749050402362e-11 1.9168803943637972e-10 -3.206186140578554e-10 -1.1452857685144846e-10
6069.7767545534 5.280944350223468e-10 7.324756762659298e-11 -4.4402848445687547e-10 3.2764044440989435e-10
15720.8387848784 1.3842599478656889e-09 -8.900163698624593e-09 -3.5081778298855966e-09 -7.553983813173595e-09
161000.6857376741 4.839134210358359e-10 4.23582926893007e-10 -2.637363420976252e-09 -4.243985150788491e-10
17260.1546546904 -8.095271756342464e-11 -4.3778173423991137e-10 -9.957311987455642e-11 1.6107207369223246e-09
529.6909650946 -2.7381071539176203e-10 1.378687093603055e-10 -3.0300606036677715e-10 -1.4012347841111333e-09
83996.84731811189 -3.4350406312164754e-10 -4.816985595302822e-10 -1.0709207054141118e-09 -9.093100015388562e-12
71430.69561812909 -2.518069686632917e-10 2.0500370972053023e-10 6.696993812024361e-10 3.599100402726374e-10
2544.3144198834 -1.7079870817199013e-10 -2.542284117794328e-10 9.323995937677723e-11 -1.757555427345772e-11
